%YAML:1.0
cvM44SceneCam2VirtualEyeCam: !!opencv-matrix
   rows: 4
   cols: 4
   dt: d
   data: [ -9.45320717983184e-01, -3.10903368030442e-02,  -3.24656943725574e-01,   1.44446422973877e-01,
           -1.05808539521234e-02,  9.97845517215759e-01,  -6.47485081068156e-02,   5.59066498563769e-03,
            3.25970528854069e-01, -5.77729584657719e-02,  -9.43613003083738e-01,   3.27462134723637e-02,
            0.00000000000000e+00,  0.00000000000000e+00,   0.00000000000000e+00,   1.00000000000000e+00 ]